,timestamp,paymentservice
17,2023-08-23 08:59:09,1
18,2023-08-23 08:59:09,1
20,2023-08-23 08:58:42,1
